3
4
8 6 2 3
9 7 1 2
10
8789 7959 4809 5257 4592 9455 6462 5855 6399 9569
4977 5499 7329 2997 9599 5445 2412 9838 6252 6577
100
2511 2090 9410 4226 3959 3826 2318 5356 5333 8630 9624 3155 7360 6547 503 4539 8065 6558 8119 8299 792 2046
6803 6519 9765 851 2039 2315 143 1566 141 7040 894 5713 9574 2861 1437 8254 8573 3503 2540 2862 8272 5518
9578 155 8493 9935 1672 5874 5457 3379 3689 6102 9972 4269 3263 274 8535 2766 1393 1859 2864 8412 368 6360
9530 1607 5327 6394 6831 86 7476 1983 1257 9508 5275 8492 8620 4276 800 5409 2229 6220 8377 2016 1569 1255
1554 4253 3592 8325 8073 4123 5605 7625 4737 5013 4173 2287
9668 4457 791 6609 6438 9208 9074 5723 6687 4940 3855 3866 7280 6290 3158 7736 7585 9150 5101 5567 8238 605
3218 3442 6767 7493 2552 6121 7803 9479 1702 7483 7379 9357 1309 4021 6197 2206 402 6193 5867 6284 8661
5558 3199 5171 4723 8388 9933 827 9738 7870 1030 6640 7850 249 2164 4176 4203 4686 2685 5869 9403 698 1360
1954 1818 464 9144 5064 5033 9785 2402 1599 3597 1153 5942 9486 1823 4149 3317 6659 5671 2763 753 518 9301
399 5176 3041 5035 2088 8825 8874 7437 9378 6412 9721 9874 7499

