6
4 
3 1 5 
1 2 4 
3 2 3 
1 5 44 
139 
1 2 93027 
6 1 70813 
7 1 3395 
8 1 93183 
16 1 67486 
17 1 52218 
20 1 43022 
1 24 10565 
25 1 46770 
29 1 93530 
1 30 6205 
34 1 68669 
1 36 12155 
38 1 92799 
39 1 86956 
42 1 79539 
5 2 92906 
7 2 28089 
11 2 48106 
14 2 20836 
2 15 63452 
20 2 57576 
2 22 17426 
23 2 29185 
24 2 26717 
26 2 65737 
27 2 30895 
29 2 29949 
32 2 16521 
2 33 55563 
2 34 61713 
2 35 9799 
37 2 84080 
2 39 61490 
43 2 18138 
45 2 81570 
4 3 75819 
3 6 52244 
3 7 93412 
9 3 59456 
10 3 89276 
3 11 79680 
3 12 97955 
3 13 29207 
15 3 18531 
3 19 20619 
20 3 88780 
24 3 38829 
3 25 63234 
3 27 15547 
3 31 17990 
3 33 43325 
3 34 47792 
3 36 49215 
3 37 47189 
3 38 43351 
40 3 66872 
3 41 101507 
3 43 79945 
3 44 78371 
45 3 36201 
5 4 25272 
7 4 9907 
4 9 91484 
10 4 91555 
4 11 11317 
4 13 28176 
4 21 75431 
4 23 86558 
4 26 27798 
4 27 80367 
30 4 95421 
4 33 80713 
4 41 86714 
4 43 31727 
4 44 16254 
45 4 58699 
4 46 95758 
6 5 18911 
5 9 73964 
5 10 89070 
5 14 77127 
18 5 54200 
20 5 28235 
21 5 89407 
5 22 2794 
5 25 96698 
5 29 5264 
30 5 53448 
32 5 78547 
34 5 72257 
5 35 16686 
5 37 45176 
38 5 4007 
5 42 33671 
43 5 44525 
5 46 9405 
7 6 20712 
12 6 22634 
13 6 3909 
14 6 82407 
16 6 66665 
20 6 100901 
6 21 23941 
23 6 21788 
6 25 35566 
6 26 16896 
31 6 3365 
33 6 70866 
6 35 2320 
36 6 9313 
6 38 43105 
39 6 39198 
6 41 57090 
8 7 28940 
7 10 75251 
7 12 13860 
7 13 75041 
21 7 70317 
22 7 52922 
7 24 73364 
7 26 23431 
7 27 80237 
28 7 12816 
29 7 20264 
30 7 10697 
32 7 56882 
33 7 62997 
35 7 35401 
37 7 22410 
38 7 11455 
7 41 45820 
7 42 69806 
7 44 53486 
7 45 84787 
7 46 55558 
8 11 5135 
12 8 89386 
8 13 74981
145 
2 1 39601 
1 3 77475 
1 4 68949 
5 1 9136 
1 7 74431 
1 8 67293 
11 1 64764 
1 12 91790 
1 13 46945 
14 1 82922 
15 1 78915 
22 1 61543 
23 1 10484 
1 26 38858 
1 30 95179 
1 31 33012 
32 1 82632 
33 1 95775 
35 1 40363 
39 1 21326 
1 40 93145 
43 1 69308 
44 1 100638 
1 45 32497 
1 46 46749 
1 47 27773 
7 2 11786 
2 9 87777 
2 10 93809 
12 2 57268 
2 15 60396 
2 21 41023 
2 23 68561 
2 24 99832 
2 28 41868 
2 29 91726 
30 2 75736 
31 2 66818 
34 2 62985 
38 2 31126 
39 2 95306 
40 2 8072 
2 42 23926 
2 43 26215 
2 44 20059 
2 47 60210 
3 4 85257 
3 5 55653 
7 3 45205 
3 9 72685 
10 3 8316 
3 11 23234 
3 12 89089 
3 13 42611 
14 3 71754 
18 3 104079 
20 3 88733 
21 3 50512 
3 23 55573 
3 25 34173 
3 27 38008 
28 3 98186 
32 3 99337 
34 3 14833 
3 35 60376 
3 36 68589 
3 37 19851 
3 40 39410 
41 3 15934 
42 3 61418 
3 43 71083 
3 45 73342 
46 3 100088 
3 47 62812 
3 48 84051 
5 4 93065 
7 4 57509 
4 10 101446 
4 11 27963 
4 14 66543 
15 4 21243 
17 4 97479 
4 18 27204 
4 19 87321 
4 25 97476 
4 27 23860 
4 28 63039 
4 32 10252 
33 4 45540 
34 4 9025 
4 36 103781 
4 39 38920 
4 40 15221 
4 43 76975 
4 44 19444 
4 48 74073 
10 5 51645 
5 12 89019 
5 14 88377 
5 15 38015 
5 16 30583 
5 17 61488 
5 19 65075 
21 5 40055 
22 5 5381 
23 5 90944 
25 5 93717 
26 5 103356 
29 5 58838 
5 30 64951 
31 5 42710 
5 34 10750 
35 5 41081 
5 36 9282 
37 5 101188 
5 39 17219 
40 5 96661 
5 41 64543 
42 5 96218 
5 43 99587 
5 44 20225 
45 5 69417 
46 5 52140 
5 47 11623 
5 48 36095 
6 7 6491 
6 9 85183 
6 13 39343 
14 6 84467 
15 6 54408 
6 17 50276 
18 6 84792 
6 20 11434 
6 21 51815 
6 22 24433 
6 23 80624 
24 6 95920 
25 6 74028 
26 6 65799 
6 28 88621 
6 30 79013 
32 6 95214 
6 36 72606 
37 6 31513 
6 38 76703 
472 
1 6 19029 
1 7 13879 
8 1 51338 
1 10 85197 
11 1 65535 
1 14 33973 
15 1 69539 
22 1 99475 
25 1 65096 
26 1 44836 
1 27 64565 
1 28 40646 
29 1 63424 
1 31 36349 
33 1 43064 
34 1 54587 
37 1 48075 
40 1 81271 
43 1 50348 
1 44 88922 
45 1 84654 
1 47 82224 
1 49 11889 
50 1 98514 
53 1 97464 
1 55 15837 
56 1 31298 
1 57 82302 
1 58 26398 
1 61 45075 
63 1 91779 
64 1 5617 
66 1 65317 
68 1 77623 
1 70 6286 
1 73 28419 
76 1 85943 
77 1 5089 
1 79 11984 
81 1 57081 
1 82 33423 
83 1 75148 
84 1 88808 
85 1 26153 
1 86 23891 
1 89 9233 
92 1 18153 
96 1 71643 
97 1 24799 
98 1 45692 
1 100 17028 
102 1 94007 
1 105 86861 
107 1 29223 
108 1 8613 
111 1 84684 
1 115 50863 
1 117 5371 
1 120 91746 
1 123 64557 
127 1 68693 
1 128 64290 
129 1 93791 
1 131 62890 
133 1 88096 
134 1 29730 
1 135 30862 
1 137 24338 
1 143 95468 
1 144 64223 
1 147 39629 
149 1 58151 
151 1 47742 
1 153 45525 
1 154 17504 
155 1 86417 
1 156 15501 
1 157 12860 
158 1 54054 
1 159 70999 
160 1 2701 
1 161 30768 
162 1 51350 
1 163 53140 
164 1 95941 
166 1 4955 
1 169 57862 
1 171 28405 
173 1 92275 
174 1 45743 
176 1 20138 
1 181 91236 
1 185 47862 
1 186 36920 
187 1 65576 
188 1 21128 
1 190 39426 
192 1 56839 
1 197 64340 
1 198 27637 
199 1 58174 
1 201 62212 
1 205 74460 
1 206 56770 
1 207 29353 
208 1 10990 
1 209 96053 
1 211 74796 
1 212 75012 
218 1 16439 
1 219 93626 
220 1 30386 
222 1 73782 
1 225 48625 
1 229 47848 
1 230 39571 
1 232 64913 
237 1 26645 
1 238 40628 
241 1 17229 
1 242 67213 
243 1 19316 
246 1 73510 
1 248 93900 
250 1 31978 
251 1 19353 
1 252 76285 
4 2 1068 
2 5 55412 
6 2 18112 
7 2 83212 
2 10 75253 
2 11 66662 
12 2 56369 
14 2 35726 
15 2 52466 
2 16 74251 
2 17 63276 
2 18 79106 
19 2 75578 
21 2 83658 
2 22 70126 
2 27 92963 
2 28 41695 
2 30 23455 
31 2 337 
32 2 25582 
33 2 51266 
35 2 18764 
36 2 3920 
2 38 58350 
2 40 79981 
41 2 18560 
2 45 82816 
49 2 67258 
2 50 19689 
2 51 72230 
52 2 15623 
54 2 35342 
2 60 46417 
2 63 34609 
2 67 81101 
2 70 3134 
2 72 31434 
73 2 25285 
2 77 86504 
2 78 69331 
79 2 87408 
2 80 84534 
81 2 96547 
84 2 93512 
2 86 30798 
90 2 22754 
93 2 65617 
95 2 50016 
2 98 8009 
2 99 62485 
2 100 42405 
2 104 14198 
2 109 97960 
2 114 88463 
117 2 76206 
118 2 95691 
120 2 32230 
123 2 6376 
125 2 59505 
2 126 78166 
127 2 99488 
130 2 52144 
133 2 1866 
2 134 25364 
2 135 18843 
2 140 48817 
142 2 78345 
2 143 16976 
2 144 47743 
2 148 9641 
2 149 85850 
151 2 39479 
2 153 55863 
2 154 64707 
155 2 86556 
156 2 86448 
157 2 31323 
162 2 23509 
164 2 78701 
165 2 49338 
166 2 24457 
2 169 39192 
2 170 70598 
2 171 35043 
172 2 18814 
2 174 34619 
2 177 60090 
2 178 42005 
179 2 14865 
181 2 54068 
182 2 20478 
187 2 47947 
188 2 53698 
2 189 22207 
191 2 61551 
193 2 82252 
2 194 43221 
2 195 2362 
2 198 6074 
199 2 41176 
200 2 32653 
2 201 60861 
205 2 52333 
2 209 5498 
212 2 98855 
214 2 43574 
216 2 96861 
2 218 97627 
220 2 93054 
2 221 28331 
222 2 49261 
224 2 53162 
2 226 91457 
229 2 52199 
2 231 73130 
232 2 7691 
233 2 37030 
235 2 33772 
237 2 46060 
2 239 8122 
240 2 75767 
2 241 80437 
2 242 28377 
2 243 66606 
244 2 85282 
2 247 82182 
251 2 82090 
252 2 15453 
3 5 31826 
9 3 21078 
3 11 98533 
13 3 46302 
14 3 2201 
15 3 63337 
17 3 47260 
19 3 28012 
3 20 29332 
3 21 12592 
3 22 6489 
25 3 45455 
26 3 15618 
29 3 99800 
3 33 8985 
3 39 83902 
3 42 94287 
3 44 61888 
50 3 63768 
3 51 56174 
3 53 27280 
54 3 9845 
3 55 22292 
57 3 57039 
3 59 13868 
3 60 84732 
61 3 60525 
3 65 3933 
68 3 46863 
71 3 68705 
75 3 1272 
76 3 60175 
3 79 58783 
80 3 42893 
81 3 33119 
3 85 86827 
88 3 57280 
92 3 22350 
93 3 29177 
3 94 79694 
3 98 11403 
101 3 17487 
3 108 25354 
109 3 61915 
3 111 19279 
113 3 71172 
114 3 44913 
3 115 10876 
3 118 27691 
3 120 37354 
122 3 93209 
123 3 86212 
127 3 17610 
129 3 70086 
130 3 80312 
131 3 78046 
3 133 68389 
134 3 73203 
137 3 56644 
138 3 49054 
3 139 27133 
3 142 78999 
144 3 32124 
147 3 25441 
3 148 47577 
3 151 3181 
154 3 63122 
155 3 48459 
3 157 79811 
3 158 52790 
3 159 5877 
160 3 10763 
3 161 73615 
163 3 70208 
3 164 91028 
3 175 88121 
3 177 45179 
178 3 59851 
179 3 87974 
181 3 5688 
182 3 89404 
3 186 8065 
187 3 99605 
3 189 38867 
3 190 46428 
3 193 7154 
3 195 22091 
3 197 280 
198 3 16299 
3 199 40563 
3 200 682 
3 202 37927 
205 3 9360 
3 207 81087 
3 208 84349 
211 3 9810 
212 3 95699 
3 215 79398 
216 3 60561 
3 218 84562 
221 3 55897 
225 3 48885 
3 226 73526 
3 232 70497 
233 3 98181 
3 237 54868 
238 3 34983 
3 239 50336 
3 242 38725 
3 245 10354 
3 248 88530 
252 3 96108 
5 4 93267 
7 4 81522 
4 8 80417 
12 4 2298 
4 15 45667 
4 16 79010 
17 4 91807 
19 4 4267 
20 4 26955 
26 4 23884 
28 4 90016 
29 4 28298 
4 30 62860 
31 4 13800 
32 4 24923 
34 4 54243 
35 4 15066 
4 38 5000 
4 39 54396 
4 40 91326 
44 4 66803 
45 4 19771 
50 4 1451 
53 4 56029 
4 54 79775 
55 4 19900 
56 4 56133 
4 60 54162 
61 4 51292 
63 4 98727 
4 65 64236 
4 66 36815 
67 4 62231 
68 4 87479 
70 4 14977 
71 4 7790 
4 72 27011 
74 4 58142 
4 78 48186 
80 4 20528 
4 82 26090 
4 85 83950 
4 86 72707 
87 4 4148 
4 90 36262 
92 4 24273 
96 4 61670 
4 97 26730 
98 4 46409 
4 102 43555 
4 109 40715 
4 113 46695 
115 4 49016 
4 117 94172 
4 119 19335 
122 4 51061 
4 125 13366 
127 4 26675 
130 4 36367 
131 4 35631 
4 134 47820 
140 4 63902 
4 144 91096 
146 4 51579 
4 147 82704 
148 4 42756 
4 149 53673 
151 4 282 
4 155 54744 
156 4 99181 
157 4 28164 
4 159 33507 
4 160 32613 
4 161 33842 
162 4 72893 
167 4 44849 
168 4 51932 
4 172 96107 
173 4 62506 
175 4 72250 
177 4 84992 
4 179 2695 
180 4 12414 
181 4 88626 
183 4 22520 
4 185 55796 
4 188 50803 
4 189 22040 
4 190 75628 
4 191 66483 
4 195 49737 
198 4 73640 
4 199 94292 
4 201 74139 
202 4 9536 
4 203 33488 
209 4 49707 
4 210 25705 
4 212 43466 
216 4 49538 
217 4 92108 
4 219 25149 
4 220 3753 
228 4 69288 
4 229 37172 
367 
1 2 15786 
3 1 69674 
4 1 67053 
6 1 45075 
8 1 91779 
1 9 5617 
1 11 65317 
1 13 77623 
1 15 6286 
18 1 28419 
1 21 85943 
22 1 5089 
24 1 11984 
1 26 57081 
1 27 33423 
1 28 75148 
29 1 88808 
1 30 26153 
31 1 23891 
1 34 9233 
37 1 18153 
41 1 71643 
1 42 24799 
43 1 45692 
1 45 17028 
1 47 94007 
1 50 86861 
52 1 29223 
53 1 8613 
1 56 84684 
1 60 50863 
62 1 5371 
65 1 91746 
68 1 64557 
1 72 68693 
1 73 64290 
74 1 93791 
1 76 62890 
1 78 88096 
79 1 29730 
1 80 30862 
1 82 24338 
88 1 95468 
89 1 64223 
1 92 39629 
1 94 58151 
1 96 47742 
98 1 45525 
1 99 17504 
1 100 86417 
101 1 15501 
102 1 12860 
1 103 54054 
1 104 70999 
105 1 2701 
1 106 30768 
107 1 51350 
108 1 53140 
109 1 95941 
111 1 4955 
1 114 57862 
1 116 28405 
1 118 92275 
1 119 45743 
1 121 20138 
126 1 91236 
130 1 47862 
131 1 36920 
132 1 65576 
1 133 21128 
135 1 39426 
137 1 56839 
142 1 64340 
143 1 27637 
144 1 58174 
146 1 62212 
150 1 74460 
1 151 56770 
152 1 29353 
153 1 10990 
154 1 96053 
156 1 74796 
1 157 75012 
163 1 16439 
164 1 93626 
1 165 30386 
1 167 73782 
170 1 48625 
1 174 47848 
1 175 39571 
177 1 64913 
1 182 26645 
183 1 40628 
186 1 17229 
187 1 67213 
1 188 19316 
191 1 73510 
193 1 93900 
195 1 31978 
1 196 19353 
1 197 76285 
199 1 1068 
1 200 55412 
201 1 18112 
202 1 83212 
205 1 75253 
1 206 66662 
207 1 56369 
1 209 35726 
210 1 52466 
211 1 74251 
212 1 63276 
1 213 79106 
1 214 75578 
216 1 83658 
217 1 70126 
222 1 92963 
223 1 41695 
225 1 23455 
1 226 337 
1 227 25582 
228 1 51266 
230 1 18764 
231 1 3920 
1 233 58350 
1 235 79981 
236 1 18560 
2 6 82816 
10 2 67258 
2 11 19689 
2 12 72230 
2 13 15623 
2 15 35342 
2 21 46417 
24 2 34609 
28 2 81101 
2 31 3134 
2 33 31434 
34 2 25285 
38 2 86504 
39 2 69331 
2 40 87408 
2 41 84534 
2 42 96547 
45 2 93512 
2 47 30798 
2 51 22754 
54 2 65617 
2 56 50016 
59 2 8009 
2 60 62485 
61 2 42405 
2 65 14198 
2 70 97960 
2 75 88463 
78 2 76206 
79 2 95691 
81 2 32230 
84 2 6376 
86 2 59505 
2 87 78166 
88 2 99488 
2 91 52144 
2 94 1866 
95 2 25364 
96 2 18843 
101 2 48817 
2 103 78345 
104 2 16976 
2 105 47743 
2 109 9641 
110 2 85850 
2 112 39479 
2 114 55863 
115 2 64707 
2 116 86556 
2 117 86448 
118 2 31323 
2 123 23509 
125 2 78701 
2 126 49338 
2 127 24457 
2 130 39192 
2 131 70598 
132 2 35043 
2 133 18814 
2 135 34619 
138 2 60090 
2 139 42005 
2 140 14865 
142 2 54068 
143 2 20478 
2 148 47947 
149 2 53698 
2 150 22207 
2 152 61551 
2 154 82252 
2 155 43221 
2 156 2362 
159 2 6074 
160 2 41176 
161 2 32653 
162 2 60861 
2 166 52333 
170 2 5498 
173 2 98855 
175 2 43574 
2 177 96861 
2 179 97627 
2 181 93054 
2 182 28331 
183 2 49261 
2 185 53162 
187 2 91457 
2 190 52199 
2 192 73130 
2 193 7691 
2 194 37030 
196 2 33772 
198 2 46060 
200 2 8122 
201 2 75767 
202 2 80437 
2 203 28377 
204 2 66606 
2 205 85282 
208 2 82182 
212 2 82090 
2 213 15453 
2 215 31826 
219 2 21078 
221 2 98533 
223 2 46302 
2 224 2201 
2 225 63337 
2 227 47260 
2 229 28012 
230 2 29332 
2 231 12592 
232 2 6489 
2 235 45455 
236 2 15618 
6 3 99800 
10 3 8985 
16 3 83902 
19 3 94287 
21 3 61888 
27 3 63768 
28 3 56174 
3 30 27280 
3 31 9845 
3 32 22292 
3 34 57039 
3 36 13868 
3 37 84732 
38 3 60525 
3 42 3933 
45 3 46863 
3 48 68705 
52 3 1272 
53 3 60175 
56 3 58783 
57 3 42893 
3 58 33119 
3 62 86827 
65 3 57280 
3 69 22350 
70 3 29177 
71 3 79694 
75 3 11403 
78 3 17487 
85 3 25354 
3 86 61915 
88 3 19279 
3 90 71172 
3 91 44913 
92 3 10876 
95 3 27691 
3 97 37354 
99 3 93209 
3 100 86212 
3 104 17610 
3 106 70086 
107 3 80312 
108 3 78046 
110 3 68389 
111 3 73203 
3 114 56644 
3 115 49054 
116 3 27133 
119 3 78999 
3 121 32124 
124 3 25441 
3 125 47577 
128 3 3181 
131 3 63122 
132 3 48459 
3 134 79811 
3 135 52790 
136 3 5877 
137 3 10763 
138 3 73615 
140 3 70208 
3 141 91028 
152 3 88121 
3 154 45179 
155 3 59851 
156 3 87974 
158 3 5688 
3 159 89404 
3 163 8065 
3 164 99605 
3 166 38867 
167 3 46428 
3 170 7154 
172 3 22091 
3 174 280 
175 3 16299 
176 3 40563 
3 177 682 
3 179 37927 
3 182 9360 
3 184 81087 
3 185 84349 
188 3 9810 
189 3 95699 
3 192 79398 
3 193 60561 
195 3 84562 
3 198 55897 
3 202 48885 
203 3 73526 
3 209 70497 
210 3 98181 
3 214 54868 
215 3 34983 
3 216 50336 
219 3 38725 
222 3 10354 
3 225 88530 
3 229 96108 
230 3 93267 
232 3 81522 
233 3 80417 
4 5 2298 
4 8 45667 
4 9 79010 
10 4 91807 
12 4 4267 
4 13 26955 
19 4 23884 
4 21 90016 
4 22 28298 
23 4 62860 
4 24 13800 
4 25 24923 
4 27 54243 
4 28 15066 
31 4 5000 
4 32 54396 
4 33 91326 
4 37 66803 
38 4 19771 
4 43 1451 
46 4 56029 
47 4 79775 
4 48 19900 
974 
1 2 61083 
1 3 81121 
4 1 9291 
1 6 915 
8 1 53467 
9 1 49939 
1 11 54446 
1 15 72344 
1 16 41873 
1 18 24878 
1 19 63346 
25 1 40170 
27 1 57111 
28 1 87454 
31 1 52286 
1 32 10982 
33 1 15987 
34 1 62020 
36 1 47185 
1 38 68827 
41 1 7356 
42 1 8628 
43 1 3554 
1 49 42625 
52 1 50624 
53 1 63933 
54 1 4320 
55 1 24580 
1 57 21482 
1 65 82750 
1 66 67671 
67 1 66466 
68 1 36305 
73 1 40543 
1 75 73206 
76 1 86409 
1 78 67273 
79 1 8381 
1 82 76491 
83 1 15767 
85 1 36285 
86 1 83561 
90 1 51169 
1 91 94514 
92 1 8339 
93 1 98831 
95 1 19017 
1 96 35289 
1 101 65962 
102 1 91369 
105 1 89880 
106 1 21724 
1 108 9314 
1 110 58629 
1 111 61468 
113 1 74763 
1 117 63165 
1 119 81057 
122 1 83702 
124 1 99779 
125 1 2891 
1 127 70910 
128 1 15319 
134 1 96747 
137 1 3680 
1 140 82252 
143 1 1054 
144 1 94039 
145 1 59167 
146 1 42136 
147 1 45787 
151 1 82307 
152 1 93222 
1 153 57204 
1 154 49767 
1 155 39292 
156 1 90179 
157 1 55346 
1 160 35589 
161 1 32495 
163 1 91828 
1 165 81773 
1 166 24698 
1 167 40554 
171 1 29941 
1 172 83206 
1 179 22141 
183 1 69958 
184 1 12271 
1 188 21629 
190 1 32271 
192 1 16756 
1 197 76955 
1 198 3389 
199 1 33336 
1 200 23113 
201 1 50061 
1 203 4667 
1 204 87638 
205 1 91197 
206 1 95332 
208 1 42559 
1 211 83501 
1 212 97501 
213 1 19849 
1 214 15905 
1 215 36349 
1 217 43064 
1 218 54587 
1 221 48075 
1 224 81271 
227 1 50348 
1 228 88922 
229 1 84654 
1 231 82224 
233 1 11889 
234 1 98514 
237 1 97464 
1 239 15837 
1 240 31298 
1 241 82302 
1 242 26398 
1 245 45075 
247 1 91779 
248 1 5617 
250 1 65317 
1 252 77623 
254 1 6286 
257 1 28419 
1 260 85943 
1 261 5089 
263 1 11984 
265 1 57081 
1 266 33423 
267 1 75148 
1 268 88808 
269 1 26153 
270 1 23891 
273 1 9233 
1 276 18153 
5 2 71643 
6 2 24799 
7 2 45692 
2 9 17028 
2 11 94007 
2 14 86861 
16 2 29223 
17 2 8613 
2 20 84684 
24 2 50863 
2 26 5371 
2 29 91746 
2 32 64557 
36 2 68693 
2 37 64290 
38 2 93791 
2 40 62890 
42 2 88096 
43 2 29730 
2 44 30862 
2 46 24338 
2 52 95468 
2 53 64223 
56 2 39629 
58 2 58151 
60 2 47742 
62 2 45525 
63 2 17504 
64 2 86417 
65 2 15501 
66 2 12860 
67 2 54054 
68 2 70999 
2 69 2701 
70 2 30768 
71 2 51350 
2 72 53140 
73 2 95941 
2 75 4955 
78 2 57862 
2 80 28405 
2 82 92275 
83 2 45743 
2 85 20138 
2 90 91236 
2 94 47862 
2 95 36920 
96 2 65576 
97 2 21128 
99 2 39426 
2 101 56839 
106 2 64340 
2 107 27637 
108 2 58174 
110 2 62212 
2 114 74460 
115 2 56770 
2 116 29353 
2 117 10990 
118 2 96053 
120 2 74796 
2 121 75012 
2 127 16439 
128 2 93626 
2 129 30386 
131 2 73782 
134 2 48625 
2 138 47848 
2 139 39571 
2 141 64913 
146 2 26645 
2 147 40628 
150 2 17229 
2 151 67213 
2 152 19316 
155 2 73510 
2 157 93900 
159 2 31978 
160 2 19353 
161 2 76285 
2 163 1068 
2 164 55412 
165 2 18112 
2 166 83212 
169 2 75253 
2 170 66662 
171 2 56369 
173 2 35726 
174 2 52466 
2 175 74251 
2 176 63276 
2 177 79106 
178 2 75578 
180 2 83658 
181 2 70126 
2 186 92963 
2 187 41695 
2 189 23455 
190 2 337 
191 2 25582 
2 192 51266 
2 194 18764 
195 2 3920 
197 2 58350 
2 199 79981 
200 2 18560 
204 2 82816 
208 2 67258 
209 2 19689 
2 210 72230 
211 2 15623 
2 213 35342 
2 219 46417 
222 2 34609 
226 2 81101 
229 2 3134 
231 2 31434 
232 2 25285 
2 236 86504 
237 2 69331 
2 238 87408 
239 2 84534 
240 2 96547 
243 2 93512 
245 2 30798 
2 249 22754 
2 252 65617 
2 254 50016 
257 2 8009 
2 258 62485 
2 259 42405 
263 2 14198 
268 2 97960 
2 273 88463 
276 2 76206 
277 2 95691 
5 3 32230 
3 8 6376 
3 10 59505 
11 3 78166 
12 3 99488 
3 15 52144 
3 18 1866 
19 3 25364 
20 3 18843 
25 3 48817 
3 27 78345 
3 28 16976 
3 29 47743 
33 3 9641 
34 3 85850 
3 36 39479 
3 38 55863 
3 39 64707 
40 3 86556 
41 3 86448 
42 3 31323 
47 3 23509 
3 49 78701 
3 50 49338 
51 3 24457 
54 3 39192 
3 55 70598 
56 3 35043 
3 57 18814 
3 59 34619 
3 62 60090 
63 3 42005 
64 3 14865 
3 66 54068 
67 3 20478 
3 72 47947 
73 3 53698 
74 3 22207 
76 3 61551 
78 3 82252 
79 3 43221 
80 3 2362 
3 83 6074 
3 84 41176 
85 3 32653 
3 86 60861 
3 90 52333 
3 94 5498 
3 97 98855 
3 99 43574 
3 101 96861 
3 103 97627 
3 105 93054 
3 106 28331 
107 3 49261 
109 3 53162 
3 111 91457 
114 3 52199 
3 116 73130 
3 117 7691 
118 3 37030 
120 3 33772 
3 122 46060 
3 124 8122 
3 125 75767 
3 126 80437 
3 127 28377 
3 128 66606 
129 3 85282 
132 3 82182 
136 3 82090 
3 137 15453 
139 3 31826 
3 143 21078 
145 3 98533 
147 3 46302 
148 3 2201 
149 3 63337 
151 3 47260 
3 153 28012 
154 3 29332 
155 3 12592 
156 3 6489 
3 159 45455 
160 3 15618 
3 163 99800 
167 3 8985 
3 173 83902 
3 176 94287 
3 178 61888 
184 3 63768 
185 3 56174 
187 3 27280 
188 3 9845 
3 189 22292 
3 191 57039 
3 193 13868 
3 194 84732 
195 3 60525 
3 199 3933 
202 3 46863 
205 3 68705 
3 209 1272 
3 210 60175 
3 213 58783 
214 3 42893 
3 215 33119 
219 3 86827 
3 222 57280 
226 3 22350 
227 3 29177 
3 228 79694 
232 3 11403 
3 235 17487 
3 242 25354 
3 243 61915 
245 3 19279 
247 3 71172 
3 248 44913 
3 249 10876 
252 3 27691 
254 3 37354 
256 3 93209 
3 257 86212 
3 261 17610 
263 3 70086 
3 264 80312 
3 265 78046 
267 3 68389 
3 268 73203 
3 271 56644 
272 3 49054 
273 3 27133 
3 276 78999 
4 5 32124 
4 8 25441 
9 4 47577 
4 12 3181 
4 15 63122 
16 4 48459 
18 4 79811 
4 19 52790 
4 20 5877 
21 4 10763 
4 22 73615 
24 4 70208 
25 4 91028 
36 4 88121 
38 4 45179 
4 39 59851 
4 40 87974 
4 42 5688 
4 43 89404 
4 47 8065 
48 4 99605 
50 4 38867 
51 4 46428 
54 4 7154 
4 56 22091 
58 4 280 
59 4 16299 
60 4 40563 
61 4 682 
63 4 37927 
66 4 9360 
68 4 81087 
4 69 84349 
72 4 9810 
73 4 95699 
76 4 79398 
77 4 60561 
4 79 84562 
82 4 55897 
86 4 48885 
4 87 73526 
4 93 70497 
94 4 98181 
4 98 54868 
4 99 34983 
100 4 50336 
4 103 38725 
106 4 10354 
109 4 88530 
113 4 96108 
4 114 93267 
116 4 81522 
117 4 80417 
121 4 2298 
4 124 45667 
4 125 79010 
126 4 91807 
4 128 4267 
129 4 26955 
135 4 23884 
137 4 90016 
4 138 28298 
139 4 62860 
4 140 13800 
141 4 24923 
143 4 54243 
144 4 15066 
4 147 5000 
4 148 54396 
149 4 91326 
153 4 66803 
154 4 19771 
159 4 1451 
162 4 56029 
4 163 79775 
4 164 19900 
165 4 56133 
169 4 54162 
170 4 51292 
4 172 98727 
4 174 64236 
175 4 36815 
4 176 62231 
177 4 87479 
4 179 14977 
4 180 7790 
4 181 27011 
4 183 58142 
4 187 48186 
189 4 20528 
191 4 26090 
4 194 83950 
4 195 72707 
196 4 4148 
199 4 36262 
201 4 24273 
4 205 61670 
4 206 26730 
4 207 46409 
211 4 43555 
4 218 40715 
4 222 46695 
224 4 49016 
4 226 94172 
228 4 19335 
4 231 51061 
234 4 13366 
4 236 26675 
4 239 36367 
4 240 35631 
243 4 47820 
249 4 63902 
253 4 91096 
255 4 51579 
256 4 82704 
4 257 42756 
258 4 53673 
4 260 282 
4 264 54744 
265 4 99181 
266 4 28164 
268 4 33507 
4 269 32613 
270 4 33842 
4 271 72893 
4 276 44849 
277 4 51932 
5 9 96107 
5 10 62506 
12 5 72250 
5 14 84992 
5 16 2695 
17 5 12414 
5 18 88626 
20 5 22520 
5 22 55796 
5 25 50803 
5 26 22040 
5 27 75628 
28 5 66483 
5 32 49737 
5 35 73640 
36 5 94292 
5 38 74139 
5 39 9536 
40 5 33488 
46 5 49707 
5 47 25705 
49 5 43466 
5 53 49538 
5 54 92108 
5 56 25149 
5 57 3753 
5 65 69288 
66 5 37172 
67 5 34484 
69 5 51377 
70 5 91689 
5 74 80582 
76 5 95701 
81 5 85281 
82 5 54318 
5 85 26029 
5 86 72348 
5 87 36111 
5 91 82650 
94 5 60277 
5 95 17735 
98 5 464 
5 103 71793 
5 104 66693 
5 107 64820 
5 108 56036 
110 5 91109 
111 5 22813 
113 5 18630 
114 5 55154 
115 5 82901 
5 117 47594 
119 5 98628 
5 121 88049 
122 5 81719 
123 5 10563 
5 125 38190 
5 129 93592 
130 5 58865 
132 5 20335 
133 5 57228 
5 135 57412 
5 136 83926 
5 138 4638 
5 139 77813 
140 5 51813 
5 142 30078 
143 5 81804 
5 145 81121 
146 5 9291 
148 5 915 
150 5 53467 
151 5 49939 
153 5 54446 
157 5 72344 
158 5 41873 
160 5 24878 
5 161 63346 
5 167 40170 
5 169 57111 
5 170 87454 
5 173 52286 
5 174 10982 
175 5 15987 
5 176 62020 
178 5 47185 
5 180 68827 
183 5 7356 
184 5 8628 
185 5 3554 
191 5 42625 
5 194 50624 
5 195 63933 
196 5 4320 
5 197 24580 
199 5 21482 
207 5 82750 
208 5 67671 
209 5 66466 
210 5 36305 
5 215 40543 
217 5 73206 
5 218 86409 
5 220 67273 
221 5 8381 
224 5 76491 
5 225 15767 
227 5 36285 
5 228 83561 
5 232 51169 
5 233 94514 
234 5 8339 
235 5 98831 
237 5 19017 
238 5 35289 
5 243 65962 
5 244 91369 
247 5 89880 
248 5 21724 
5 250 9314 
252 5 58629 
5 253 61468 
255 5 74763 
259 5 63165 
261 5 81057 
5 264 83702 
5 266 99779 
267 5 2891 
269 5 70910 
270 5 15319 
276 5 96747 
6 8 3680 
11 6 82252 
6 14 1054 
15 6 94039 
16 6 59167 
17 6 42136 
6 18 45787 
6 22 82307 
6 23 93222 
6 24 57204 
25 6 49767 
6 26 39292 
27 6 90179 
6 28 55346 
31 6 35589 
32 6 32495 
6 34 91828 
6 36 81773 
6 37 24698 
6 38 40554 
6 42 29941 
43 6 83206 
50 6 22141 
6 54 69958 
6 55 12271 
59 6 21629 
6 61 32271 
6 63 16756 
68 6 76955 
6 69 3389 
70 6 33336 
6 71 23113 
72 6 50061 
6 74 4667 
75 6 87638 
76 6 91197 
6 77 95332 
6 79 42559 
82 6 83501 
83 6 97501 
84 6 19849 
6 85 15905 
6 86 36349 
6 88 43064 
89 6 54587 
92 6 48075 
6 95 81271 
98 6 50348 
6 99 88922 
6 100 84654 
102 6 82224 
6 104 11889 
6 105 98514 
6 108 97464 
6 110 15837 
111 6 31298 
6 112 82302 
6 113 26398 
6 116 45075 
118 6 91779 
6 119 5617 
121 6 65317 
123 6 77623 
6 125 6286 
6 128 28419 
6 131 85943 
6 132 5089 
134 6 11984 
6 136 57081 
137 6 33423 
6 138 75148 
139 6 88808 
140 6 26153 
6 141 23891 
144 6 9233 
147 6 18153 
6 151 71643 
152 6 24799 
6 153 45692 
155 6 17028 
157 6 94007 
6 160 86861 
6 162 29223 
163 6 8613 
166 6 84684 
170 6 50863 
6 172 5371 
6 175 91746 
6 178 64557 
182 6 68693 
183 6 64290 
6 184 93791 
6 186 62890 
6 188 88096 
6 189 29730 
190 6 30862 
192 6 24338 
198 6 95468 
199 6 64223 
202 6 39629 
6 204 58151 
6 206 47742 
208 6 45525 
6 209 17504 
210 6 86417 
6 211 15501 
6 212 12860 
213 6 54054 
214 6 70999 
6 215 2701 
6 216 30768 
6 217 51350 
6 218 53140 
6 219 95941 
221 6 4955 
6 224 57862 
6 226 28405 
228 6 92275 
6 229 45743 
231 6 20138 
236 6 91236 
6 240 47862 
241 6 36920 
242 6 65576 
243 6 21128 
6 245 39426 
6 247 56839 
6 252 64340 
6 253 27637 
6 254 58174 
6 256 62212 
260 6 74460 
261 6 56770 
262 6 29353 
263 6 10990 
264 6 96053 
6 266 74796 
267 6 75012 
273 6 16439 
274 6 93626 
6 275 30386 
6 277 73782 
7 10 48625 
14 7 47848 
7 15 39571 
7 17 64913 
7 22 26645 
7 23 40628 
26 7 17229 
7 27 67213 
7 28 19316 
31 7 73510 
33 7 93900 
35 7 31978 
36 7 19353 
37 7 76285 
39 7 1068 
40 7 55412 
7 41 18112 
7 42 83212 
7 45 75253 
46 7 66662 
7 47 56369 
7 49 35726 
7 50 52466 
51 7 74251 
52 7 63276 
53 7 79106 
54 7 75578 
56 7 83658 
7 57 70126 
62 7 92963 
63 7 41695 
7 65 23455 
7 66 337 
7 67 25582 
68 7 51266 
70 7 18764 
7 71 3920 
73 7 58350 
7 75 79981 
76 7 18560 
80 7 82816 
84 7 67258 
7 85 19689 
86 7 72230 
7 87 15623 
89 7 35342 
95 7 46417 
7 98 34609 
102 7 81101 
7 105 3134 
107 7 31434 
108 7 25285 
112 7 86504 
113 7 69331 
7 114 87408 
115 7 84534 
7 116 96547 
7 119 93512 
7 121 30798 
125 7 22754 
7 128 65617 
130 7 50016 
133 7 8009 
7 134 62485 
135 7 42405 
7 139 14198 
144 7 97960 
149 7 88463 
152 7 76206 
153 7 95691 
155 7 32230 
7 158 6376 
7 160 59505 
7 161 78166 
162 7 99488 
165 7 52144 
168 7 1866 
7 169 25364 
7 170 18843 
7 175 48817 
7 177 78345 
178 7 16976 
7 179 47743 
7 183 9641 
184 7 85850 
7 186 39479 
188 7 55863 
7 189 64707 
7 190 86556 
191 7 86448 
7 192 31323 
197 7 23509 
199 7 78701 
200 7 49338 
201 7 24457 
7 204 39192 
205 7 70598 
206 7 35043 
7 207 18814 
209 7 34619 
212 7 60090 
213 7 42005 
7 214 14865 
7 216 54068 
217 7 20478 
7 222 47947 
223 7 53698 
7 224 22207 
226 7 61551 
228 7 82252 
7 229 43221 
7 230 2362 
7 233 6074 
234 7 41176 
235 7 32653 
236 7 60861 
240 7 52333 
244 7 5498 
247 7 98855 
7 249 43574 
251 7 96861 
253 7 97627 
255 7 93054 
7 256 28331 
7 257 49261 
259 7 53162 
261 7 91457 
7 264 52199 
7 266 73130 
267 7 7691 
268 7 37030 
7 270 33772 
7 272 46060 
7 274 8122 
275 7 75767 
7 276 80437 
277 7 28377 
8 9 66606 
8 10 85282 
8 13 82182 
17 8 82090 
18 8 15453 
20 8 31826 
24 8 21078 
8 26 98533 
28 8 46302 
8 29 2201 
8 30 63337 
8 32 47260 
8 34 28012 
8 35 29332 
36 8 12592 
8 37 6489 
8 40 45455 
8 41 15618 
44 8 99800 
8 48 8985 
8 54 83902 
57 8 94287 
59 8 61888 
8 65 63768 
66 8 56174 
8 68 27280 
69 8 9845 